-130.753
-115.809
-113.667
-100.971
-98.8293
-85.8839
-83.7419
-70.6055
-68.4635
-55.6655
-53.5235
-40.8544
-40.8543
-38.7124
-38.7123
-25.9345
-23.7925
-10.7414
-8.5994
4.2253
4.2254
6.3674
19.1023
21.2443
34.218
36.36
49.1997
51.3417
64.3343
66.4763
79.2572
81.3992
93.8843
96.0263
109.29
111.432
123.999
126.141
139.154
141.296
153.907
156.049
169.325
171.467
184.186
186.328
198.977
201.119
214.124
216.266
229.139
231.281
244.122
246.264
258.88
261.022
273.963
276.105
289.07
291.212
434.167
436.309
436.309
449.004
451.146
584.207
586.349
599.137
601.279
634.372
648.913
